19435343.8	 3832440.7	     339.4
19435342.6	 3832433.8	     336.4
19435341.3	 3832425.9	     333.9
19435337.9	 3832406.2	     332.9
19435335.6	 3832392.4	     331.7
19435332.2	 3832372.7	     330.3
19435330.3	 3832361.8	     328.6
19435328.6	 3832352.0	     327.6
19435325.4	 3832333.3	     326.0
19435313.3	 3832262.3	     325.5
19435298.0	 3832172.6	     325.5
19435292.7	 3832142.0	     325.4
19435289.4	 3832122.3	     325.4
19435285.8	 3832101.6	     325.6
19435281.6	 3832077.0	     325.8
19435277.4	 3832052.3	     325.8
19435273.9	 3832031.6	     325.8
19435267.8	 3831996.1	     325.6
19435262.6	 3831965.6	     325.4
19435257.3	 3831935.0	     325.4
19435248.9	 3831885.7	     325.3
19435243.4	 3831853.2	     325.5
19435238.3	 3831823.6	     325.6
19435233.1	 3831793.1	     325.5
19435229.0	 3831769.4	     325.5
19435221.1	 3831723.1	     325.5
19435215.4	 3831689.6	     325.3
19435213.0	 3831675.8	     324.8
19435211.8	 3831668.9	     324.2
19435198.0	 3831588.1	     320.7
19435193.0	 3831558.5	     319.6
19435188.2	 3831530.9	     319.5
19435184.5	 3831509.2	     319.5
19435181.5	 3831491.5	     323.0
19435179.1	 3831477.7	     327.8
19435178.8	 3831475.7	     328.3
19435176.9	 3831464.9	     329.5
19435175.8	 3831458.0	     330.6
19435174.4	 3831450.1	     331.7
19437235.6	 3832622.9	     331.6
19437234.6	 3832610.9	     329.4
19437232.9	 3832588.0	     327.8
19437229.9	 3832549.1	     327.8
19437223.9	 3832472.3	     328.0
19437212.4	 3832323.8	     329.2
19437199.4	 3832157.3	     328.9
19437199.2	 3832154.3	     326.4
19437199.1	 3832152.3	     326.0
19437197.7	 3832135.3	     325.9
19437194.5	 3832093.5	     325.8
19437191.9	 3832059.6	     325.4
19437189.4	 3832027.7	     325.3
19437187.3	 3832000.7	     325.1
19437185.9	 3831982.8	     324.9
19437183.3	 3831949.9	     324.8
19437180.6	 3831914.0	     324.8
19437178.7	 3831890.1	     324.8
19437176.7	 3831864.1	     324.8
19437174.8	 3831840.2	     324.7
19437173.0	 3831817.3	     324.9
19437171.0	 3831791.4	     324.9
19437169.3	 3831769.4	     324.9
19437168.6	 3831759.5	     324.4
19437168.2	 3831754.5	     324.0
19437167.2	 3831742.5	     323.6
19437165.3	 3831717.6	     323.2
19437164.5	 3831706.6	     323.1
19437163.9	 3831699.6	     323.0
19437163.5	 3831694.7	     323.1
19437163.0	 3831687.7	     323.2
19437162.1	 3831676.7	     323.3
19437161.4	 3831666.7	     323.3
19437160.5	 3831655.8	     323.2
19437159.6	 3831643.8	     323.1
19437158.7	 3831631.8	     323.1
19437158.2	 3831625.9	     323.0
19437157.6	 3831617.9	     323.0
19437157.0	 3831610.9	     323.0
19437156.5	 3831603.9	     322.9
19437155.9	 3831596.0	     323.0
19437154.8	 3831582.0	     322.9
19437152.9	 3831557.1	     323.1
19437152.0	 3831546.1	     323.0
19437150.8	 3831531.1	     322.9
19437149.5	 3831514.2	     322.7
19437148.2	 3831497.2	     322.8
19437147.2	 3831484.3	     322.4
19437146.0	 3831469.3	     322.4
19437144.5	 3831449.4	     322.7
19437143.6	 3831437.4	     322.8
19437142.3	 3831421.5	     322.9
19437141.2	 3831407.5	     323.0
19437140.9	 3831403.5	     323.2
19437139.5	 3831384.6	     323.2
19437138.9	 3831377.6	     323.3
19437136.2	 3831342.7	     324.4
19437136.0	 3831339.7	     324.7
19437135.7	 3831335.7	     326.4
19437135.1	 3831328.8	     329.3
19441694.5	 3831626.1	     378.9
19441669.1	 3831581.9	     327.0
19441664.6	 3831574.1	     325.8
19441652.6	 3831553.4	     324.2
19441637.1	 3831526.5	     324.6
19441588.1	 3831441.6	     323.8
19441557.6	 3831388.8	     323.6
19441554.1	 3831382.7	     322.1
19441537.6	 3831354.2	     321.1
19441524.1	 3831330.8	     321.1
19441507.6	 3831302.2	     321.5
19441496.1	 3831282.3	     321.7
19441486.6	 3831265.8	     321.9
19441477.6	 3831250.2	     322.4
19441463.1	 3831225.1	     322.5
19441455.1	 3831211.2	     322.6
19441444.1	 3831192.2	     322.1
19441437.6	 3831180.9	     322.4
19441428.1	 3831164.5	     322.6
19441420.6	 3831151.5	     322.9
19441399.6	 3831115.1	     323.1
19441378.1	 3831077.9	     323.2
19441372.1	 3831067.5	     323.2
19441357.6	 3831042.4	     323.1
19441323.2	 3830982.6	     323.1
19441315.2	 3830968.7	     323.3
19441287.2	 3830920.2	     323.2
19441270.2	 3830890.8	     323.1
19441235.7	 3830831.0	     322.7
19441223.7	 3830810.2	     323.3
19441210.2	 3830786.9	     323.0
19441193.2	 3830757.4	     323.1
19441168.2	 3830714.1	     323.3
19441147.2	 3830677.7	     323.3
19441142.2	 3830669.1	     323.6
19441136.2	 3830658.7	     327.1
19441131.7	 3830650.9	     327.4
19441118.7	 3830628.4	     327.4
19441113.7	 3830619.7	     327.2
19441111.7	 3830616.2	     327.4
19441098.7	 3830593.7	     327.5
19441078.7	 3830559.1	     327.3
19441063.7	 3830533.1	     326.2
19441039.7	 3830491.5	     327.1
19441031.2	 3830476.8	     327.3
19441019.7	 3830456.9	     327.4
19441009.2	 3830438.7	     327.5
19440994.2	 3830412.7	     327.4
19440970.8	 3830372.0	     327.3
19440936.8	 3830313.1	     327.2
19440917.3	 3830279.3	     326.8
19440881.8	 3830217.8	     326.9
19440849.3	 3830161.5	     326.8
19440759.3	 3830005.6	     327.5
19440724.3	 3829945.0	     330.8
19444686.0	 3830175.6	     327.8
19444686.0	 3830173.6	     327.8
19444686.3	 3830165.6	     324.5
19444686.8	 3830150.6	     323.6
19444687.1	 3830143.6	     323.0
19444687.7	 3830125.6	     323.3
19444688.1	 3830113.6	     323.4
19444688.6	 3830098.6	     323.3
19444689.2	 3830081.6	     323.2
19444690.3	 3830051.6	     323.1
19444691.2	 3830023.6	     322.9
19444692.6	 3829984.7	     322.7
19444693.9	 3829947.7	     322.6
19444695.2	 3829908.7	     322.4
19444696.6	 3829869.7	     322.4
19444696.7	 3829866.7	     321.4
19444696.8	 3829862.7	     318.1
19444697.5	 3829843.8	     318.3
19444698.5	 3829815.8	     318.7
19444699.4	 3829788.8	     319.9
19444700.6	 3829753.8	     319.4
19444701.7	 3829722.8	     319.1
19444702.4	 3829703.8	     319.8
19444703.1	 3829683.8	     320.1
19444703.6	 3829668.9	     321.4
19444704.3	 3829648.9	     321.8
19444706.0	 3829597.9	     322.0
19444706.8	 3829574.9	     322.2
19444707.5	 3829554.9	     322.5
19444708.9	 3829516.0	     322.6
19444709.4	 3829500.0	     322.8
19444710.7	 3829465.0	     322.9
19444711.6	 3829437.0	     322.9
19444712.7	 3829405.0	     322.9
19444713.7	 3829378.0	     322.9
19444714.8	 3829346.1	     322.9
19444715.6	 3829322.1	     322.8
19444715.9	 3829314.1	     322.8
19444716.3	 3829302.1	     322.7
19444716.4	 3829299.1	     322.6
19444717.0	 3829282.1	     326.7
19449051.8	 3832908.9	     361.6
19449055.6	 3832871.1	     331.4
19449056.0	 3832867.1	     331.4
19449056.6	 3832861.1	     329.1
19449056.6	 3832861.1	     327.8
19449057.6	 3832851.2	     326.2
19449057.9	 3832848.2	     324.0
19449059.2	 3832835.3	     321.7
19449059.7	 3832831.3	     317.2
19449060.2	 3832826.3	     317.6
19449061.3	 3832815.4	     317.2
19449062.0	 3832808.4	     318.7
19449064.5	 3832783.5	     319.5
19449067.0	 3832758.6	     319.5
19449069.0	 3832738.7	     319.6
19449071.1	 3832717.9	     319.9
19449073.3	 3832696.0	     319.5
19449074.1	 3832688.0	     319.4
19449075.7	 3832672.1	     319.6
19449076.0	 3832669.1	     320.1
19449076.3	 3832666.1	     321.7
19449077.9	 3832650.2	     323.0
19449080.5	 3832624.3	     323.7
19449087.5	 3832555.7	     324.3
19449097.1	 3832460.2	     324.9
19449108.9	 3832343.8	     325.1
19449121.0	 3832223.4	     325.4
19449130.4	 3832130.8	     325.6
19449137.7	 3832058.2	     325.6
19449165.4	 3831783.6	     325.8
19449188.5	 3831554.8	     326.1
19449203.0	 3831411.5	     326.2
19449209.7	 3831344.8	     326.2
19449214.9	 3831294.1	     326.4
19449219.9	 3831244.3	     326.6
19449227.6	 3831167.7	     326.1
19449232.6	 3831118.0	     325.7
19449239.2	 3831053.3	     325.8
19449242.2	 3831023.5	     325.2
19449245.1	 3830994.6	     325.6
19449251.5	 3830930.9	     325.9
19449259.6	 3830851.3	     325.4
19449271.4	 3830733.9	     331.6
19449276.9	 3830679.2	     378.8
19453270.2	 3831685.6	     324.7
19453268.3	 3831681.0	     322.0
19453265.6	 3831674.5	     318.0
19453265.3	 3831673.6	     317.9
19453259.2	 3831658.8	     317.9
19453255.8	 3831650.4	     317.9
19453253.2	 3831643.9	     317.7
19453251.7	 3831640.2	     317.5
19453247.5	 3831630.1	     317.4
19453244.9	 3831623.6	     317.4
19453241.1	 3831614.3	     317.0
19453235.8	 3831601.4	     317.0
19453227.9	 3831581.9	     316.0
19453220.3	 3831563.4	     316.1
19453212.4	 3831543.9	     317.5
19453204.1	 3831523.6	     317.7
19453199.5	 3831512.5	     317.7
19453196.9	 3831506.0	     316.8
19453192.7	 3831495.8	     316.5
19453191.2	 3831492.1	     316.6
19453187.1	 3831481.9	     317.9
19453183.3	 3831472.6	     318.1
19453176.5	 3831456.0	     318.2
19453170.1	 3831440.2	     317.6
19453169.0	 3831437.5	     317.3
19453167.8	 3831434.7	     317.6
19453166.3	 3831431.0	     318.6
19453165.9	 3831430.1	     320.1
19453164.4	 3831426.3	     322.6
19453136.9	 3831358.8	     323.0
19453123.3	 3831325.4	     323.5
19453118.0	 3831312.5	     324.2
19453080.2	 3831219.9	     324.4
19453019.8	 3831071.7	     323.9
19452984.7	 3830985.6	     323.8
19452914.8	 3830814.3	     323.7
19452846.4	 3830646.7	     323.6
19452792.4	 3830514.3	     324.1
19456752.2	 3831779.3	     331.7
19456749.1	 3831736.5	     329.5
19456743.1	 3831655.7	     327.8
19456742.6	 3831648.7	     326.9
19456738.6	 3831593.8	     326.5
19456737.6	 3831580.9	     325.2
19456729.3	 3831467.2	     324.9
19456722.9	 3831380.4	     324.1
19456722.2	 3831371.4	     323.9
19456722.0	 3831367.5	     325.5
19456720.1	 3831342.5	     326.1
19456719.7	 3831336.5	     327.4
19456717.2	 3831302.6	     328.4
19456716.2	 3831288.7	     327.5
19456715.1	 3831273.7	     326.4
19456714.5	 3831265.7	     324.4
19456714.1	 3831260.7	     323.5
19456713.0	 3831245.8	     322.7
19456711.8	 3831228.8	     322.8
19456707.2	 3831167.0	     323.2
19456703.5	 3831116.1	     323.8
19456699.8	 3831066.3	     323.2
19456693.2	 3830976.5	     323.8
19456686.6	 3830885.8	     323.9
19456679.2	 3830785.0	     324.1
19456679.1	 3830784.0	     323.5
19456677.4	 3830760.1	     322.7
19456676.7	 3830751.1	     323.0
19456675.2	 3830730.2	     322.5
19456673.7	 3830710.2	     323.0
19456671.3	 3830677.3	     323.5
19456667.4	 3830624.5	     323.4
19456665.9	 3830603.5	     323.7
19456656.3	 3830472.9	     323.7
19456648.8	 3830371.1	     323.7
19456641.3	 3830269.4	     323.8
19456636.7	 3830206.6	     323.8
19456636.1	 3830197.6	     323.0
19456635.2	 3830186.6	     323.4
19456629.1	 3830102.9	     323.6
19456625.2	 3830050.0	     323.5
19456624.5	 3830040.0	     323.1
19456622.7	 3830016.1	     322.3
19456621.1	 3829994.2	     322.1
19456616.5	 3829931.3	     321.7
19456612.4	 3829875.5	     321.5
19456612.4	 3829875.5	     320.2
19456612.0	 3829870.5	     318.2
19456609.6	 3829837.6	     317.6
19456607.4	 3829807.7	     318.4
19456606.8	 3829798.7	     319.0
19456605.5	 3829781.7	     319.2
19456604.5	 3829767.8	     319.4
19456603.5	 3829753.8	     319.2
19456602.4	 3829738.8	     319.3
19456599.8	 3829703.9	     319.4
19456598.6	 3829688.0	     319.7
19456596.8	 3829663.0	     320.2
19456593.1	 3829612.2	     320.2
19456588.9	 3829555.3	     320.2
19456586.1	 3829517.4	     320.1
19456582.1	 3829462.6	     320.0
19456579.4	 3829425.7	     320.0
19456577.5	 3829400.8	     320.0
19456576.8	 3829390.8	     319.8
19456575.5	 3829372.8	     318.2
19456574.9	 3829364.8	     316.9
19456574.2	 3829354.9	     316.3
19456573.2	 3829341.9	     315.7
19456571.1	 3829313.0	     315.6
19456569.6	 3829292.0	     316.2
19456569.3	 3829288.1	     320.2
19456569.1	 3829286.1	     321.5
19456567.1	 3829258.1	     322.0
19456555.9	 3829106.5	     323.6
19456542.6	 3828925.0	     330.5
19456542.2	 3828920.0	     332.9
19461346.6	 3831820.3	     333.1
19461346.9	 3831815.3	     332.7
19461349.3	 3831781.4	     326.6
19461350.7	 3831761.4	     323.8
19461352.5	 3831734.5	     323.4
19461355.2	 3831695.6	     322.5
19461355.7	 3831689.6	     322.7
19461357.7	 3831659.7	     322.6
19461360.2	 3831623.8	     322.9
19461360.9	 3831614.8	     322.3
19461364.4	 3831563.9	     322.5
19461366.8	 3831530.0	     322.6
19461368.5	 3831505.1	     321.2
19461370.4	 3831478.1	     321.8
19461372.2	 3831451.2	     321.7
19461373.8	 3831429.2	     322.1
19461377.4	 3831376.4	     322.4
19461379.9	 3831341.5	     322.7
19461383.8	 3831285.6	     322.8
19461389.2	 3831207.8	     322.3
19461396.4	 3831104.0	     322.4
19461398.2	 3831078.1	     322.1
19461402.3	 3831019.2	     321.9
19461407.5	 3830943.4	     321.9
19461416.2	 3830819.7	     322.1
19461424.9	 3830694.0	     322.2
19461432.5	 3830584.3	     322.4
19461446.4	 3830384.8	     322.4
19461456.1	 3830245.1	     322.4
19461459.7	 3830194.2	     321.8
19461460.9	 3830176.3	     321.6
19461464.0	 3830131.4	     322.1
19461466.8	 3830091.5	     321.9
19461469.6	 3830051.6	     322.3
19461472.0	 3830016.7	     322.0
19461473.7	 3829991.7	     322.2
19461477.6	 3829935.8	     322.2
19461478.2	 3829927.9	     321.5
19461481.6	 3829878.0	     320.8
19461485.3	 3829825.1	     320.5
19461490.4	 3829752.3	     318.9
19461490.8	 3829746.3	     318.3
19461492.1	 3829727.4	     317.8
19461493.4	 3829708.4	     317.9
19461496.8	 3829660.5	     318.0
19461500.2	 3829610.6	     318.3
19461507.6	 3829504.9	     318.3
19461509.4	 3829479.0	     318.1
19461509.8	 3829473.0	     318.0
19461512.2	 3829438.1	     317.6
19461515.1	 3829396.2	     317.5
19461519.0	 3829341.3	     317.3
19461521.3	 3829308.4	     317.1
19461522.6	 3829288.4	     316.9
19461524.7	 3829258.5	     318.4
19461525.8	 3829242.5	     318.9
19461527.5	 3829218.6	     318.9
19461528.6	 3829202.6	     318.9
19461530.8	 3829171.7	     318.6
19461532.6	 3829144.8	     318.9
19461535.3	 3829105.9	     319.2
19461535.7	 3829100.9	     320.9
19461552.4	 3828860.4	     324.3
19461554.3	 3828833.5	     327.7
19461557.4	 3828788.6	     331.2
19461558.4	 3828773.7	     335.8
19466130.4	 3830353.6	     320.7
19466138.3	 3830291.1	     320.8
19466138.7	 3830288.2	     318.6
19466139.8	 3830279.2	     315.7
19466142.0	 3830262.4	     314.8
19466143.1	 3830253.4	     314.8
19466144.8	 3830240.5	     314.6
19466146.7	 3830225.7	     314.5
19466150.3	 3830196.9	     315.2
19466156.7	 3830147.3	     315.1
19466159.8	 3830122.5	     315.1
19466164.2	 3830087.8	     315.4
19466167.9	 3830059.0	     315.5
19466171.2	 3830033.2	     315.9
19466174.1	 3830010.4	     316.7
19466176.1	 3829994.5	     316.8
19466180.7	 3829958.8	     317.2
19466183.6	 3829936.0	     317.4
19466187.0	 3829909.2	     317.7
19466189.9	 3829886.4	     317.8
19466192.0	 3829869.5	     318.0
19466196.6	 3829833.8	     318.0
19466202.7	 3829786.2	     318.2
19466207.0	 3829752.5	     318.2
19466211.2	 3829718.8	     318.3
19466214.8	 3829691.0	     318.3
19466220.9	 3829643.4	     318.2
19466224.4	 3829615.6	     318.0
19466227.0	 3829594.8	     317.8
19466230.2	 3829570.0	     317.7
19466233.4	 3829545.2	     317.8
19466236.0	 3829524.3	     317.9
19466237.8	 3829510.4	     318.3
19466244.1	 3829460.8	     318.3
19466246.0	 3829446.0	     318.1
19466249.2	 3829421.2	     317.8
19466251.9	 3829399.3	     317.4
19466252.8	 3829392.4	     320.7
19468711.7	 3835006.6	     338.7
19468722.0	 3834981.6	     337.9
19468766.7	 3834873.5	     335.8
19468792.6	 3834810.6	     334.8
19468813.6	 3834759.8	     333.8
19468814.8	 3834757.0	     333.0
19468828.5	 3834723.7	     332.3
19468839.9	 3834696.0	     331.2
19468848.7	 3834674.7	     330.2
19468860.9	 3834645.2	     329.9
19468872.4	 3834617.4	     329.4
19468872.8	 3834616.5	     328.7
19468878.1	 3834603.6	     327.8
19468900.6	 3834549.0	     327.1
19468915.9	 3834512.1	     326.6
19468921.6	 3834498.2	     325.8
19468938.0	 3834458.4	     325.3
19468940.7	 3834452.0	     324.7
19468962.8	 3834398.4	     324.0
19468992.2	 3834327.2	     323.5
19469045.6	 3834197.8	     323.1
19469047.5	 3834193.2	     322.7
19469051.0	 3834184.8	     319.6
19469091.4	 3834086.9	     317.9
19469095.2	 3834077.6	     317.2
19469121.2	 3834014.8	     318.5
19469132.6	 3833987.0	     318.9
19469196.0	 3833833.6	     318.9
19469276.9	 3833637.7	     319.4
19469334.1	 3833499.0	     319.7
19469388.7	 3833366.8	     319.9
19469439.8	 3833243.0	     319.7
19469491.7	 3833117.3	     319.6
19469515.4	 3833059.9	     320.3
19469601.6	 3832851.1	     320.2
19469648.2	 3832738.3	     320.3
19469698.2	 3832617.2	     319.5
19469700.9	 3832610.7	     317.7
19469742.5	 3832510.0	     317.5
19469745.1	 3832503.5	     316.8
19469774.1	 3832433.3	     316.8
19469801.2	 3832367.6	     317.0
19469807.0	 3832353.8	     316.6
19469810.0	 3832346.4	     316.1
19469814.2	 3832336.2	     315.8
19469826.4	 3832306.6	     316.0
19469839.4	 3832275.2	     315.7
19469858.1	 3832229.9	     315.4
19469881.0	 3832174.5	     315.4
19469893.2	 3832144.9	     315.5
19469905.4	 3832115.3	     315.4
19469915.7	 3832090.3	     315.2
19469920.7	 3832078.3	     314.6
19469925.3	 3832067.2	     314.4
19469931.4	 3832052.4	     314.8
19469943.2	 3832023.8	     316.0
19469958.1	 3831987.7	     315.7
19469967.6	 3831964.6	     316.6
19469970.7	 3831957.2	     316.9
19470034.0	 3831803.8	     317.0
19470039.4	 3831790.9	     316.9
19470049.7	 3831765.9	     320.1
19470116.8	 3831603.2	     320.4
19470148.1	 3831527.4	     320.4
19470157.7	 3831504.3	     320.2
19470192.8	 3831419.3	     319.8
19470200.4	 3831400.8	     319.9
19470231.7	 3831325.0	     320.5
19470271.8	 3831227.9	     320.6
19470314.5	 3831124.4	     320.3
19470356.5	 3831022.7	     320.3
19470409.5	 3830894.3	     320.1
19470461.4	 3830768.6	     319.9
19470495.8	 3830685.4	     319.8
19470529.4	 3830604.0	     319.7
19470630.9	 3830358.2	     319.2
19470635.8	 3830346.1	     319.2
19470668.6	 3830266.7	     318.0
19470690.4	 3830214.0	     317.2
19470697.3	 3830197.3	     316.6
19470701.5	 3830187.2	     314.8
19470705.3	 3830177.9	     316.2
19470709.9	 3830166.8	     317.2
19470714.8	 3830154.8	     317.5
19470730.8	 3830116.0	     318.0
19470746.5	 3830078.1	     317.8
19470756.4	 3830054.1	     318.4
19470768.6	 3830024.5	     320.7
19470780.5	 3829995.8	     325.6
19470812.9	 3829917.3	     331.7
19470824.0	 3829890.5	     352.8
19472605.4	 3835742.7	     319.2
19472620.9	 3835718.2	     315.8
19472623.6	 3835713.9	     314.2
19472639.1	 3835689.4	     314.2
19472647.7	 3835675.9	     314.3
19472707.6	 3835581.3	     314.4
19472716.7	 3835566.9	     314.5
19472730.6	 3835545.0	     314.6
19472736.0	 3835536.5	     314.7
19472743.4	 3835524.7	     314.4
19472752.5	 3835510.3	     314.5
19472765.4	 3835490.0	     314.6
19472784.1	 3835460.5	     314.7
19472793.7	 3835445.3	     314.8
19472811.4	 3835417.4	     314.8
19472823.2	 3835398.8	     314.9
19472836.0	 3835378.5	     315.0
19472848.3	 3835359.1	     315.2
19472866.5	 3835330.4	     315.5
19472870.8	 3835323.6	     315.6
19472888.4	 3835295.7	     315.8
19472949.4	 3835199.4	     316.2
19472959.6	 3835183.4	     316.2
19472970.3	 3835166.5	     316.1
19472984.2	 3835144.5	     316.3
19473008.3	 3835106.5	     316.3
19473024.8	 3835080.3	     316.4
19473038.2	 3835059.2	     316.3
19473048.9	 3835042.3	     316.8
19473100.3	 3834961.2	     317.1
19473116.3	 3834935.8	     317.1
19473138.8	 3834900.3	     317.0
19473166.6	 3834856.4	     316.8
19473187.5	 3834823.4	     316.5
19473204.1	 3834797.3	     318.7
19477608.3	 3836842.9	     327.9
19477608.6	 3836840.0	     324.9
19477611.0	 3836816.1	     318.4
19477635.3	 3836577.3	     317.8
19477646.8	 3836463.9	     318.2
19477653.3	 3836400.2	     318.4
19477658.8	 3836346.5	     318.6
19477659.9	 3836335.6	     316.8
19477660.8	 3836326.6	     316.1
19477661.5	 3836319.6	     314.1
19477662.6	 3836308.7	     313.1
19477663.6	 3836298.7	     313.5
19477666.2	 3836273.9	     313.6
19477668.9	 3836247.0	     313.5
19477671.4	 3836222.1	     313.6
19477675.3	 3836184.3	     313.7
19477678.5	 3836152.5	     313.7
19477681.6	 3836121.7	     313.5
19477683.5	 3836103.7	     312.5
19477684.9	 3836089.8	     312.8
19477688.4	 3836055.0	     312.7
19477689.0	 3836049.0	     312.8
19477690.6	 3836033.1	     311.9
19477691.4	 3836025.2	     312.2
19477693.7	 3836003.3	     312.8
19477696.9	 3835971.4	     312.8
19477702.1	 3835920.7	     313.5
19477706.4	 3835877.9	     313.5
19477707.6	 3835866.0	     313.8
19477708.6	 3835856.0	     313.8
19477709.5	 3835847.1	     314.1
19477711.7	 3835826.2	     314.1
19477716.1	 3835782.4	     314.1
19477720.4	 3835740.6	     314.1
19477722.2	 3835722.7	     313.8
19477724.2	 3835702.8	     314.0
19477727.6	 3835669.0	     314.1
19477728.6	 3835660.0	     313.5
19477730.3	 3835643.1	     314.1
19477730.3	 3835643.1	     314.4
19477732.5	 3835621.2	     314.4
19477737.5	 3835572.5	     314.8
19477747.4	 3835475.0	     314.5
19477761.3	 3835337.7	     314.7
19477770.3	 3835249.2	     314.6
19477775.7	 3835196.4	     314.1
19477781.6	 3835138.7	     314.8
19477784.8	 3835106.9	     315.7
19477787.4	 3835081.0	     317.7
19477801.8	 3834939.7	     318.0
19477810.5	 3834854.2	     318.2
19477819.8	 3834762.7	     318.2
19477833.3	 3834629.3	     317.7
19477844.3	 3834521.9	     317.5
19477858.6	 3834380.6	     317.3
19477870.5	 3834264.2	     316.8
19477885.9	 3834112.0	     315.0
19477897.9	 3833994.6	     314.7
19477903.5	 3833938.9	     313.8
19477906.4	 3833911.0	     314.6
19477913.6	 3833839.4	     313.6
19477915.3	 3833823.5	     313.0
19477918.1	 3833795.6	     313.6
19477920.7	 3833769.8	     315.9
19477921.4	 3833762.8	     320.0
19477930.9	 3833669.3	     324.7
19477937.0	 3833609.6	     327.0
19477937.8	 3833601.6	     327.4
19477939.6	 3833583.7	     329.8
19477944.1	 3833540.0	     332.0
19477946.1	 3833520.1	     335.5
19477952.4	 3833458.4	     337.5
19477955.2	 3833430.5	     336.3
19477964.2	 3833342.0	     338.0
19482675.9	 3838177.6	     348.8
19482710.5	 3838004.0	     342.1
19482720.4	 3837953.9	     323.9
19482723.9	 3837936.3	     314.8
19482726.8	 3837921.6	     314.6
19482734.6	 3837882.3	     314.6
19482742.4	 3837843.1	     314.7
19482771.3	 3837697.9	     314.5
19482788.8	 3837609.7	     314.3
19482795.1	 3837578.3	     314.5
19482799.9	 3837553.8	     314.5
19482818.1	 3837462.5	     314.5
19482830.0	 3837402.7	     314.5
19482841.3	 3837345.8	     314.5
19482850.8	 3837297.8	     314.3
19482860.2	 3837250.7	     314.4
19482872.3	 3837189.9	     314.4
19482884.0	 3837131.0	     314.4
19482904.8	 3837026.1	     314.5
19482927.3	 3836913.3	     314.6
19482944.6	 3836826.0	     315.0
19482956.3	 3836767.2	     314.7
19482962.1	 3836737.7	     314.6
19482969.9	 3836698.5	     314.6
19482984.6	 3836624.9	     314.6
19482998.6	 3836554.3	     314.5
19483014.2	 3836475.9	     314.5
19483027.1	 3836411.1	     314.6
19483043.4	 3836328.7	     314.6
19483051.2	 3836289.5	     314.3
19483058.8	 3836251.2	     314.4
19483065.5	 3836217.9	     314.5
19483072.5	 3836182.6	     314.4
19483077.8	 3836156.1	     314.3
19483087.7	 3836106.1	     314.2
19483104.5	 3836021.7	     314.4
19483112.9	 3835979.6	     313.8
19483151.1	 3835787.3	     314.0
19483164.1	 3835721.6	     314.0
19483172.3	 3835680.4	     313.8
19483172.7	 3835678.5	     313.4
19483176.8	 3835657.9	     313.2
19483181.9	 3835632.4	     313.4
19483190.1	 3835591.2	     313.4
19483198.1	 3835550.9	     313.2
19483204.9	 3835516.6	     313.4
19483208.6	 3835498.0	     313.8
19483211.5	 3835483.3	     313.6
19483223.0	 3835425.4	     313.9
19483233.7	 3835371.5	     314.2
19483245.4	 3835312.6	     314.4
19483248.3	 3835297.9	     314.2
19483251.9	 3835280.2	     314.9
19483261.0	 3835234.1	     315.0
19483271.9	 3835179.2	     315.2
19483280.5	 3835136.1	     315.0
19483284.4	 3835116.4	     315.0
19483303.7	 3835019.3	     315.0
19483354.2	 3834765.3	     315.0
19483379.8	 3834636.8	     315.0
19483389.9	 3834585.8	     315.2
19483399.4	 3834537.8	     315.2
19483406.3	 3834503.4	     314.4
19483424.0	 3834414.2	     314.4
19483459.5	 3834235.7	     313.6
19483460.7	 3834229.8	     314.0
19483464.2	 3834212.1	     314.6
19483468.8	 3834188.6	     314.8
19483474.5	 3834160.2	     314.8
19483479.0	 3834137.6	     315.0
19483484.3	 3834111.1	     315.0
19483494.6	 3834059.1	     315.0
19483509.4	 3833984.6	     315.0
19483517.4	 3833944.4	     315.1
19483536.7	 3833847.3	     315.1
19483551.3	 3833773.7	     315.2
19483565.2	 3833704.1	     315.0
19483579.6	 3833631.5	     314.8
19483596.5	 3833546.2	     314.6
19483616.0	 3833448.1	     314.6
19483630.7	 3833374.5	     314.8
19483645.9	 3833298.0	     314.9
19483691.9	 3833066.6	     316.6
19483703.4	 3833008.7	     318.1
19483712.4	 3832963.6	     319.1
19483722.1	 3832914.5	     320.5
19483726.4	 3832892.9	     321.5
19483730.1	 3832874.3	     322.0
19483736.7	 3832841.0	     323.3
19483740.6	 3832821.4	     325.3
19483743.9	 3832804.7	     325.9
19483748.8	 3832780.2	     326.1
19483752.5	 3832761.5	     326.8
19483756.8	 3832739.9	     328.0
19483758.0	 3832734.1	     329.2
19483760.1	 3832723.3	     331.1
19483762.7	 3832710.5	     331.8
19484989.1	 3839071.6	     317.1
19484995.3	 3839026.0	     311.8
19485013.9	 3838889.2	     311.8
19485026.5	 3838797.1	     311.7
19485038.9	 3838705.9	     311.9
19485113.5	 3838158.0	     311.9
19485217.6	 3837393.0	     311.9
19485226.1	 3837330.6	     312.1
19485237.7	 3837245.4	     312.1
19485248.0	 3837170.1	     312.2
19485258.2	 3837094.8	     312.1
19485260.5	 3837077.9	     311.6
19485262.8	 3837061.1	     312.0
19485278.2	 3836948.1	     312.1
19485298.2	 3836801.5	     312.2
19485311.4	 3836704.4	     312.2
19485322.2	 3836625.1	     312.0
19485333.0	 3836545.9	     312.2
19485344.9	 3836458.7	     312.3
19485368.3	 3836286.2	     312.4
19485385.3	 3836161.4	     312.4
19485394.2	 3836096.0	     312.5
19485406.4	 3836006.8	     312.6
19485419.3	 3835911.7	     312.7
19485430.9	 3835826.5	     312.7
19485439.3	 3835765.1	     312.5
19485440.8	 3835754.2	     312.1
19485443.5	 3835734.3	     311.4
19485447.6	 3835703.6	     310.5
19485448.9	 3835694.7	     310.7
19485451.8	 3835672.9	     310.7
19485456.1	 3835641.2	     310.8
19485457.1	 3835634.3	     310.9
19485463.4	 3835587.7	     311.0
19485467.5	 3835558.0	     311.1
19485469.9	 3835540.1	     311.2
19485472.6	 3835520.3	     311.4
19485474.2	 3835508.4	     311.8
19485476.4	 3835492.6	     311.7
19485479.1	 3835472.8	     311.8
19485480.4	 3835462.8	     312.1
19485483.1	 3835443.0	     312.2
19485483.9	 3835437.1	     312.7
19485492.8	 3835371.7	     312.6
19485770.3	 3833333.5	     314.1
19485776.3	 3833289.9	     314.9
19485781.1	 3833254.2	     316.1
19485784.9	 3833226.5	     317.6
19485787.6	 3833206.7	     318.0
19485788.7	 3833198.7	     318.6
19485791.0	 3833181.9	     318.9
19485793.5	 3833163.1	     319.8
19485797.5	 3833134.3	     321.7
19485798.7	 3833125.4	     321.9
19488748.0	 3839043.2	     329.2
19488753.7	 3839033.8	     327.7
19488762.5	 3839019.2	     325.8
19488781.1	 3838988.4	     324.7
19488815.2	 3838931.9	     321.2
19488822.5	 3838919.9	     313.4
19488827.6	 3838911.3	     312.4
19488840.6	 3838889.9	     311.3
19488852.4	 3838870.3	     310.8
19489068.5	 3838512.4	     311.0
19489099.5	 3838461.0	     311.2
19489120.1	 3838426.8	     311.3
19489217.3	 3838265.8	     311.6
19489264.8	 3838187.1	     311.6
19489286.6	 3838151.1	     311.6
19489296.9	 3838134.0	     311.6
19489307.2	 3838116.9	     311.3
19489326.9	 3838084.3	     310.4
19489345.0	 3838054.4	     310.2
19489358.9	 3838031.3	     309.3
19489370.3	 3838012.4	     309.0
19489377.0	 3838001.3	     309.2
19489390.4	 3837979.0	     309.1
19489407.5	 3837950.8	     310.3
19489432.8	 3837908.8	     310.4
19489449.9	 3837880.6	     310.4
19489465.4	 3837854.9	     310.4
19489549.6	 3837715.4	     310.6
19489570.8	 3837680.3	     311.1
19489597.7	 3837635.7	     310.9
19489610.1	 3837615.2	     311.1
19489619.4	 3837599.8	     311.3
19489633.8	 3837575.8	     311.3
19489639.0	 3837567.3	     310.9
19489657.6	 3837536.4	     311.2
19489665.9	 3837522.7	     310.7
19489668.5	 3837518.5	     311.1
19489673.6	 3837509.9	     311.3
19489690.7	 3837481.6	     311.5
19489707.2	 3837454.2	     311.1
19489724.8	 3837425.1	     311.6
19489736.2	 3837406.3	     311.6
19489764.1	 3837360.1	     311.4
19489786.8	 3837322.4	     311.7
19489800.3	 3837300.2	     311.7
19489907.7	 3837122.1	     312.7
19489928.4	 3837087.8	     314.3
19489949.1	 3837053.6	     314.8
19489955.3	 3837043.3	     316.1
19489959.4	 3837036.5	     318.7
19489971.8	 3837015.9	     325.4
19489984.2	 3836995.4	     327.4
19489999.7	 3836969.7	     331.7
19490357.4	 3841122.8	     332.5
19490361.3	 3841122.2	     331.6
19490367.2	 3841121.3	     326.4
19490395.9	 3841116.8	     318.2
19490441.3	 3841109.6	     313.6
19490484.8	 3841102.8	     312.1
19490513.4	 3841098.3	     311.1
19490540.1	 3841094.1	     311.3
19490621.1	 3841081.4	     311.3
19490671.5	 3841073.4	     311.4
19490727.8	 3841064.6	     311.5
19490834.5	 3841047.8	     311.6
19490904.6	 3841036.8	     311.8
19490988.6	 3841023.6	     311.8
19491024.2	 3841018.0	     311.9
19491308.7	 3840973.3	     311.3
19491387.7	 3840960.8	     310.5
19491480.6	 3840946.2	     310.6
19491525.0	 3840939.3	     310.3
19491609.0	 3840926.1	     310.4
19491681.1	 3840914.7	     310.4
19491758.1	 3840902.6	     310.1
19491768.0	 3840901.0	     309.6
19491866.8	 3840885.5	     310.9
19491910.3	 3840878.7	     311.1
19491937.0	 3840874.5	     311.1
19491954.7	 3840871.7	     312.1
19491970.5	 3840869.2	     315.0
19492001.2	 3840864.4	     318.8
19492025.9	 3840860.5	     324.2
19492063.4	 3840854.6	     328.1
19492081.2	 3840851.8	     331.6
19492084.1	 3840851.4	     333.8
19489857.6	 3844942.4	     370.4
19489953.2	 3844854.3	     339.7
19489973.8	 3844835.3	     337.1
19490008.4	 3844803.5	     333.2
19490009.1	 3844802.8	     332.4
19490055.4	 3844760.1	     320.0
19490069.4	 3844747.3	     319.6
19490101.0	 3844718.1	     314.7
19490143.0	 3844679.5	     312.1
19490145.2	 3844677.5	     310.8
19490151.8	 3844671.4	     309.9
19490170.9	 3844653.8	     309.9
19490202.6	 3844624.6	     309.7
19490248.9	 3844582.0	     309.4
19490300.4	 3844534.5	     309.3
19490337.9	 3844500.0	     309.4
19490418.8	 3844425.5	     309.4
19490463.7	 3844384.2	     309.4
19490515.2	 3844336.7	     309.6
19490559.3	 3844296.1	     309.6
19490582.1	 3844275.1	     309.6
19490604.2	 3844254.8	     309.9
19490667.5	 3844196.5	     310.1
19490696.1	 3844170.1	     310.0
19491039.7	 3843853.7	     310.2
19491080.1	 3843816.5	     310.0
19491114.7	 3843784.6	     310.4
19491161.0	 3843742.0	     310.4
19491227.2	 3843681.0	     310.2
19491256.7	 3843653.9	     310.1
19491322.9	 3843592.9	     310.3
19491367.0	 3843552.3	     310.1
19491407.5	 3843515.0	     309.7
19491435.4	 3843489.3	     310.2
19491455.3	 3843471.0	     310.1
19491493.5	 3843435.8	     309.8
19491512.6	 3843418.1	     309.7
19491534.7	 3843397.8	     309.8
19491554.6	 3843379.5	     309.8
19491571.5	 3843364.0	     309.6
19491584.0	 3843352.4	     309.3
19491604.6	 3843333.5	     309.1
19491628.1	 3843311.8	     309.1
19491659.0	 3843283.3	     309.0
19491688.5	 3843256.2	     309.0
19491703.9	 3843242.0	     308.9
19491707.6	 3843238.6	     309.0
19491767.2	 3843183.8	     309.0
19491781.1	 3843170.9	     309.1
19491809.1	 3843145.1	     309.2
19491841.5	 3843115.3	     309.8
19491851.8	 3843105.9	     310.2
19491875.3	 3843084.2	     311.9
19491896.6	 3843064.5	     315.2
19491926.1	 3843037.4	     317.0
19491949.6	 3843015.8	     320.2
19491990.8	 3842977.8	     325.7
19492019.5	 3842951.4	     327.8
19492062.9	 3842911.4	     328.8
19492091.6	 3842885.0	     330.4
19492116.6	 3842862.0	     328.9
19492146.7	 3842834.2	     329.2
19492178.4	 3842805.1	     332.2
19492213.7	 3842772.6	     333.3
19492274.0	 3842717.0	     331.2
19492335.0	 3842660.8	     326.6
19492400.5	 3842600.5	     324.1
19492463.8	 3842542.2	     322.2
19492485.1	 3842522.6	     320.7
19492667.5	 3842354.6	     320.7
19492721.2	 3842305.1	     323.1
19492747.7	 3842280.8	     323.8
19492794.8	 3842237.4	     324.6
19492838.9	 3842196.8	     327.6
19492894.8	 3842145.3	     330.9
19493873.6	 3845227.6	     374.3
19493870.2	 3845163.7	     327.8
19493867.1	 3845107.8	     314.3
19493866.3	 3845093.8	     309.4
19493865.8	 3845083.8	     308.7
19493865.1	 3845070.8	     308.5
19493864.6	 3845061.9	     308.4
19493862.4	 3845021.9	     308.4
19493861.8	 3845010.9	     308.4
19493861.1	 3844998.0	     308.4
19493859.4	 3844967.0	     308.4
19493855.8	 3844902.1	     308.4
19493855.4	 3844894.1	     308.3
19493854.0	 3844868.1	     308.3
19493852.6	 3844843.2	     308.3
19493849.8	 3844791.3	     308.3
19493849.0	 3844776.3	     308.3
19493848.2	 3844762.3	     308.3
19493847.1	 3844741.3	     308.9
19493846.5	 3844731.3	     309.0
19493846.0	 3844722.4	     309.6
19493844.2	 3844688.4	     308.8
19493842.4	 3844655.5	     309.6
19493841.3	 3844636.5	     309.8
19493837.4	 3844564.6	     309.6
19493833.7	 3844496.7	     309.4
19493830.5	 3844438.8	     309.6
19493826.9	 3844372.9	     309.8
19493822.1	 3844285.0	     309.7
19493819.6	 3844239.1	     309.0
19493816.4	 3844181.2	     309.5
19493813.3	 3844124.3	     309.6
19493810.4	 3844071.3	     309.6
19493806.1	 3843991.5	     309.2
19493801.8	 3843913.6	     309.6
19493794.8	 3843784.8	     309.4
19493791.2	 3843719.9	     309.6
19493784.0	 3843588.1	     309.6
19493778.7	 3843491.2	     309.5
19493774.8	 3843420.3	     309.4
19493771.5	 3843358.4	     309.3
19493771.1	 3843352.4	     309.1
19493771.0	 3843349.4	     309.3
19493767.3	 3843281.5	     311.3
19493766.8	 3843272.5	     315.5
19493763.4	 3843210.6	     320.6
19493757.0	 3843093.8	     320.9
19493748.2	 3842933.0	     323.0
19493741.7	 3842814.2	     325.8
19493738.1	 3842747.3	     329.8
19493736.9	 3842726.3	     331.1
19495717.5	 3844081.3	     388.1
19495723.7	 3843953.5	     343.4
19495725.4	 3843917.5	     332.8
19495728.5	 3843853.6	     329.4
19495731.9	 3843783.7	     324.1
19495733.6	 3843749.7	     321.5
19495735.5	 3843709.7	     320.2
19495738.9	 3843638.8	     318.3
19495738.9	 3843638.8	     318.3
19495744.3	 3843528.0	     311.5
19495745.2	 3843509.0	     311.1
19495745.2	 3843508.0	     312.4
19495748.2	 3843446.1	     313.7
19495752.0	 3843367.1	     314.8
19495754.4	 3843318.2	     315.3
19495756.5	 3843275.3	     318.1
19495759.2	 3843218.3	     318.3
19495761.4	 3843173.4	     315.8
19495763.6	 3843128.4	     315.8
19495766.0	 3843077.5	     313.1
19495767.8	 3843040.5	     313.9
19495770.0	 3842995.6	     313.1
19495771.7	 3842959.6	     312.6
19495775.8	 3842874.7	     312.5
19495778.5	 3842819.8	     310.5
19495797.0	 3842437.2	     309.6
19495802.1	 3842331.4	     310.6
19495807.7	 3842214.5	     309.7
19495813.6	 3842093.6	     308.9
19495822.7	 3841903.9	     309.3
19495828.5	 3841784.0	     309.0
19495832.1	 3841710.1	     308.8
19495833.0	 3841692.1	     308.4
19495834.6	 3841659.1	     308.7
19495836.3	 3841623.2	     308.6
19495837.4	 3841601.2	     308.6
19495839.2	 3841562.3	     308.5
19495841.3	 3841519.3	     308.5
19495842.0	 3841504.3	     308.7
19495843.0	 3841484.3	     308.7
19495843.3	 3841478.3	     308.7
19495844.5	 3841454.4	     308.6
19495846.9	 3841403.4	     308.6
19495847.2	 3841397.4	     305.7
19495848.6	 3841369.5	     305.9
19495848.8	 3841363.5	     305.0
19495849.8	 3841344.5	     304.0
19495850.5	 3841328.5	     303.9
19495851.4	 3841309.5	     304.5
19495852.8	 3841280.6	     303.7
19495853.3	 3841271.6	     305.8
19495853.9	 3841258.6	     307.7
19495854.4	 3841247.6	     309.7
19495855.7	 3841221.6	     314.0
19495856.0	 3841214.7	     316.0
19495856.6	 3841202.7	     321.9
19495856.8	 3841198.7	     323.2
19495857.9	 3841175.7	     327.2
19495859.7	 3841137.7	     360.1
19496875.5	 3843171.2	     325.2
19496934.6	 3843095.5	     311.5
19496942.0	 3843086.0	     310.4
19496959.8	 3843063.2	     308.9
19496982.0	 3843034.8	     308.9
19496995.5	 3843017.5	     308.9
19497017.0	 3842989.9	     308.9
19497036.7	 3842964.7	     308.8
19497049.6	 3842948.1	     308.8
19497070.6	 3842921.3	     308.6
19497091.5	 3842894.5	     308.5
19497108.7	 3842872.4	     308.3
19497116.1	 3842863.0	     308.7
19497127.8	 3842848.0	     307.9
19497141.3	 3842830.6	     307.8
19497164.7	 3842800.7	     307.5
19497195.5	 3842761.3	     307.5
19497211.5	 3842740.8	     307.3
19497233.6	 3842712.4	     307.5
19497244.7	 3842698.2	     307.9
19497251.5	 3842689.5	     308.2
19497273.6	 3842661.2	     308.3
19497293.9	 3842635.1	     307.3
19497310.5	 3842613.9	     307.3
19497322.8	 3842598.1	     308.5
19497335.8	 3842581.5	     308.8
19497358.5	 3842552.4	     308.8
19497370.8	 3842536.6	     309.3
19497380.7	 3842524.0	     309.2
19497391.1	 3842510.6	     311.2
19497399.1	 3842500.3	     312.3
19497436.7	 3842452.3	     315.8
19497448.4	 3842437.3	     317.2
19497458.8	 3842423.9	     320.5
19497476.0	 3842401.8	     323.3
19497481.6	 3842394.7	     324.7
19497490.8	 3842382.9	     326.2
19500023.5	 3846160.2	     372.5
19500034.8	 3846143.7	     363.1
19500056.8	 3846111.5	     346.4
19500087.8	 3846066.0	     331.4
19500094.6	 3846056.1	     326.2
19500120.0	 3846019.0	     321.6
19500156.7	 3845965.3	     317.4
19500182.6	 3845927.4	     313.4
19500204.1	 3845896.0	     310.8
19500223.3	 3845867.9	     308.4
19500449.0	 3845537.7	     307.9
19500494.1	 3845471.6	     307.6
19500528.5	 3845421.3	     308.0
19500622.2	 3845284.2	     308.4
19500683.7	 3845194.2	     307.7
19500697.3	 3845174.4	     307.4
19500711.9	 3845152.9	     306.9
19500719.8	 3845141.4	     306.8
19500727.2	 3845130.7	     306.8
19500736.8	 3845116.6	     306.8
19500743.0	 3845107.5	     306.7
19500750.9	 3845096.0	     306.7
19500757.1	 3845086.9	     306.6
19500788.7	 3845040.7	     306.6
19500799.4	 3845025.0	     306.5
19500810.7	 3845008.5	     306.5
19500818.0	 3844997.7	     306.5
19500828.2	 3844982.9	     306.6
19500836.1	 3844971.3	     306.6
19500844.5	 3844958.9	     306.8
19500854.1	 3844944.9	     307.1
19500871.1	 3844920.1	     308.0
19500888.5	 3844894.5	     312.0
19500910.0	 3844863.2	     315.9
19500926.9	 3844838.4	     319.2
19500947.2	 3844808.7	     322.5
19500958.5	 3844792.2	     325.5
19500970.4	 3844774.8	     326.6
19500975.4	 3844767.4	     327.9
19500981.1	 3844759.1	     343.6
19501017.2	 3844706.3	     340.8
19501040.3	 3844672.5	     337.6
19501046.0	 3844664.2	     336.2
19501079.3	 3844615.5	     328.7
19501101.3	 3844583.3	     327.8
19501178.0	 3844471.0	     326.1
19501238.4	 3844382.7	     326.7
19501294.3	 3844300.9	     326.3
19501352.4	 3844215.9	     329.1
19501419.5	 3844117.7	     331.9
19501441.0	 3844086.3	     331.7
19501509.2	 3843986.4	     333.8
19501525.0	 3843963.3	     334.9
19501550.4	 3843926.1	     335.8
19501576.4	 3843888.1	     338.2
19501602.3	 3843850.2	     338.8
19504124.3	 3848345.9	     355.8
19504128.0	 3848333.4	     351.9
19504128.0	 3848333.4	     347.9
19504139.3	 3848295.1	     337.8
19504139.6	 3848294.1	     333.5
19504148.4	 3848264.4	     327.3
19504148.9	 3848262.5	     325.2
19504156.0	 3848238.5	     318.8
19504160.0	 3848225.1	     314.9
19504165.1	 3848207.8	     313.8
19504168.5	 3848196.3	     310.4
19504188.3	 3848129.2	     307.8
19504197.9	 3848096.5	     307.6
19504199.9	 3848089.8	     307.6
19504217.5	 3848030.4	     307.1
19504235.9	 3847968.0	     307.1
19504251.2	 3847916.2	     306.8
19504266.5	 3847864.5	     306.7
19504286.1	 3847798.3	     306.7
19504300.8	 3847748.4	     306.9
19504308.7	 3847721.6	     307.2
19504331.4	 3847644.8	     307.1
19504338.2	 3847621.8	     307.4
19504353.2	 3847571.0	     307.4
19504365.4	 3847529.8	     307.6
19504377.0	 3847490.4	     307.6
19504381.5	 3847475.1	     307.4
19504403.4	 3847401.3	     307.4
19504410.2	 3847378.2	     307.6
19504427.4	 3847319.7	     307.8
19504436.8	 3847288.1	     306.9
19504447.0	 3847253.6	     307.1
19504454.9	 3847226.7	     307.4
19504459.2	 3847212.3	     307.2
19504481.3	 3847137.5	     306.9
19504483.6	 3847129.9	     306.9
19504489.8	 3847108.8	     306.8
19504517.3	 3847015.7	     306.5
19504520.4	 3847005.2	     306.4
19504524.1	 3846992.7	     306.3
19504533.4	 3846961.1	     306.6
19504541.9	 3846932.3	     306.8
19504569.7	 3846838.3	     306.7
19504585.0	 3846786.5	     306.7
19504594.3	 3846754.9	     306.7
19504603.4	 3846724.2	     306.9
19504607.9	 3846708.8	     307.1
19504618.4	 3846673.4	     307.4
19504628.9	 3846637.9	     307.4
19504631.5	 3846629.2	     307.6
19504652.4	 3846558.3	     307.5
19504656.1	 3846545.8	     307.6
19504668.6	 3846503.6	     307.4
19504673.4	 3846487.3	     307.5
19504682.2	 3846457.6	     307.0
19504698.6	 3846402.0	     306.7
19504708.5	 3846368.4	     307.0
19504722.1	 3846322.4	     307.2
19504724.1	 3846315.6	     307.6
19504735.2	 3846278.2	     307.5
19504742.2	 3846254.3	     307.2
19504747.9	 3846235.1	     307.1
19504749.6	 3846229.3	     307.6
19504758.7	 3846198.6	     309.4
19504765.5	 3846175.6	     311.3
19504774.3	 3846145.9	     313.9
19504779.1	 3846129.6	     315.0
19504785.0	 3846109.5	     316.4
19504789.6	 3846094.1	     319.0
19504790.4	 3846091.2	     318.9
19504795.5	 3846074.0	     321.1
19504801.2	 3846054.8	     321.0
19504809.7	 3846026.0	     322.8
19504816.8	 3846002.0	     325.0
19504817.0	 3846001.1	     325.5
19504821.0	 3845987.7	     328.7
19504823.0	 3845981.0	     330.4
19504824.1	 3845977.1	     331.3
19504826.1	 3845970.4	     332.0
19504828.4	 3845962.7	     340.7
19504833.2	 3845946.4	     341.1
19504835.5	 3845938.8	     342.4
19504839.4	 3845925.3	     343.2
19504839.7	 3845924.4	     345.6
19504843.7	 3845910.9	     345.6
19504844.0	 3845910.0	     347.0
19504846.2	 3845902.3	     348.3
19504849.6	 3845890.8	     348.2
19504855.6	 3845870.7	     349.9
19506758.7	 3848105.1	     321.4
19506789.0	 3847994.2	     314.0
19506793.7	 3847976.8	     311.5
19506800.8	 3847950.8	     309.8
19506812.4	 3847908.3	     309.2
19506836.3	 3847820.5	     308.6
19506848.9	 3847774.2	     308.5
19506858.6	 3847738.5	     308.2
19506870.7	 3847694.1	     308.2
19506887.8	 3847631.4	     308.0
19506911.8	 3847543.6	     308.0
19506939.6	 3847441.4	     307.8
19506968.6	 3847335.2	     307.7
19506994.3	 3847240.7	     307.5
19507009.0	 3847186.6	     307.8
19507025.6	 3847125.9	     307.7
19507057.2	 3847010.1	     307.7
19507066.9	 3846974.4	     307.9
19507086.9	 3846901.1	     308.0
19507100.3	 3846851.9	     308.1
19507109.5	 3846818.1	     308.4
19507126.0	 3846757.3	     308.6
19507146.3	 3846683.0	     308.8
19507159.7	 3846633.8	     308.7
19507166.5	 3846608.7	     308.6
19507186.8	 3846534.4	     308.6
19507214.4	 3846433.1	     308.6
19507225.7	 3846391.6	     308.6
19507238.6	 3846344.4	     308.5
19507252.0	 3846295.2	     308.5
19507271.7	 3846222.8	     308.4
19507285.9	 3846170.7	     308.5
19507301.4	 3846113.8	     308.5
19507320.4	 3846044.3	     308.6
19507331.7	 3846002.8	     308.4
19507345.6	 3845951.7	     309.0
19507348.2	 3845942.0	     310.2
19507350.9	 3845932.4	     312.0
19507363.2	 3845887.0	     317.8
19507369.8	 3845862.9	     323.7
19508744.0	 3851026.2	     331.5
19508805.4	 3850971.8	     329.7
19508835.4	 3850945.4	     328.9
19508836.1	 3850944.7	     328.1
19508887.1	 3850899.6	     326.0
19508899.1	 3850889.1	     324.6
19508940.3	 3850852.6	     324.4
19508941.0	 3850852.0	     323.4
19508973.2	 3850823.5	     322.8
19508975.5	 3850821.5	     322.0
19509021.2	 3850781.1	     321.0
19509057.1	 3850749.3	     319.9
19509081.9	 3850727.4	     319.7
19509084.1	 3850725.5	     318.7
19509131.3	 3850683.7	     318.1
19509149.3	 3850667.8	     317.7
19509154.5	 3850663.2	     316.4
19509160.5	 3850657.9	     315.3
19509172.5	 3850647.3	     313.8
19509187.5	 3850634.0	     311.7
19509210.0	 3850614.2	     313.1
19509218.2	 3850606.9	     310.8
19509226.5	 3850599.6	     309.7
19509259.4	 3850570.5	     309.0
19509275.1	 3850556.6	     308.8
19509294.6	 3850539.3	     307.8
19509314.9	 3850521.4	     307.1
19509339.6	 3850499.6	     307.0
19509407.0	 3850440.0	     307.0
19509434.0	 3850416.1	     306.9
19509475.2	 3850379.7	     306.9
19509507.4	 3850351.2	     306.8
19509534.4	 3850327.4	     306.7
19509568.8	 3850296.9	     306.3
19509593.6	 3850275.1	     306.1
19509614.5	 3850256.5	     306.0
19509636.3	 3850237.3	     306.0
19509658.0	 3850218.1	     305.9
19509693.2	 3850187.0	     305.9
19509705.9	 3850175.7	     306.0
19509732.9	 3850151.9	     305.9
19509773.4	 3850116.1	     305.9
19509795.1	 3850096.9	     306.1
19509809.3	 3850084.3	     306.1
19509824.3	 3850071.0	     306.1
19509858.8	 3850040.6	     306.1
19509893.2	 3850010.1	     306.1
19509918.7	 3849987.6	     306.1
19509946.4	 3849963.1	     306.1
19509983.9	 3849930.0	     306.1
19509998.1	 3849917.4	     306.4
19510013.1	 3849904.1	     306.4
19510023.6	 3849894.9	     306.5
19510049.1	 3849872.3	     306.5
19510060.3	 3849862.4	     306.6
19510083.5	 3849841.9	     306.6
19510106.0	 3849822.0	     306.8
19510312.8	 3849639.2	     306.8
19510509.8	 3849465.0	     306.9
19510532.3	 3849445.1	     307.1
19510991.6	 3849039.1	     308.2
19511004.3	 3849027.8	     313.6
19511013.3	 3849019.9	     321.0
19511023.0	 3849011.3	     327.5
19511034.3	 3849001.3	     331.4
19511042.5	 3848994.1	     334.3
19511044.7	 3848992.1	     342.1
19511114.4	 3848930.5	     343.0
19511082.7	 3851367.9	     319.6
19511108.3	 3851345.6	     308.2
19511141.5	 3851316.7	     305.3
19511208.6	 3851258.3	     304.9
19511257.6	 3851215.6	     305.1
19511307.4	 3851172.3	     305.4
19511348.9	 3851136.1	     305.4
19511379.8	 3851109.2	     305.5
19511421.3	 3851073.1	     306.5
19511435.6	 3851060.6	     306.6
19511454.5	 3851044.2	     306.7
19511499.0	 3851005.5	     306.7
19511537.5	 3850972.0	     307.2
19511566.9	 3850946.4	     307.2
19511597.8	 3850919.5	     307.2
19511639.3	 3850883.4	     307.8
19511675.5	 3850851.8	     307.9
19511677.8	 3850849.9	     308.0
19511692.1	 3850837.4	     308.0
19511746.4	 3850790.1	     308.2
19511793.9	 3850748.8	     308.8
19511803.0	 3850740.9	     308.8
19511817.3	 3850728.4	     310.7
19511830.1	 3850717.2	     311.0
19511846.7	 3850702.8	     313.2
19511852.0	 3850698.2	     317.5
19511870.9	 3850681.8	     322.3
19511865.8	 3854905.5	     321.8
19511881.3	 3854891.3	     312.1
19511885.0	 3854888.0	     311.3
19511903.5	 3854871.1	     309.3
19511918.2	 3854857.6	     308.7
19512042.3	 3854744.4	     308.6
19512255.0	 3854550.2	     307.7
19512438.2	 3854383.0	     306.9
19512616.9	 3854219.9	     306.4
19512752.1	 3854096.5	     306.4
19512856.3	 3854001.5	     305.8
19512928.6	 3853935.4	     306.2
19512991.4	 3853878.1	     305.9
19513077.1	 3853799.9	     305.9
19513125.8	 3853755.4	     305.9
19513215.2	 3853673.8	     305.9
19513303.1	 3853593.6	     305.7
19513444.2	 3853464.9	     305.7
19513484.8	 3853427.8	     305.8
19513540.2	 3853377.2	     305.9
19513588.2	 3853333.4	     306.4
19513625.9	 3853299.0	     306.8
19513666.5	 3853261.9	     306.9
19513694.6	 3853236.3	     307.3
19513728.5	 3853205.3	     307.6
19513755.1	 3853181.0	     307.6
19513778.0	 3853160.1	     307.8
19513818.7	 3853123.1	     309.8
19513849.7	 3853094.8	     310.6
19513854.1	 3853090.7	     310.5
19513881.4	 3853065.8	     311.4
19513902.1	 3853046.9	     315.3
19513935.4	 3853016.6	     322.7
19515720.9	 3853910.7	     317.8
19515719.4	 3853890.7	     308.2
19515718.4	 3853878.8	     306.1
19515716.2	 3853849.9	     303.5
19515711.7	 3853791.0	     303.7
19515709.6	 3853763.1	     303.4
19515706.6	 3853723.2	     303.3
19515702.9	 3853675.4	     303.2
19515698.8	 3853621.5	     303.2
19515692.9	 3853543.8	     303.2
19515689.4	 3853498.9	     303.1
19515679.5	 3853369.3	     303.3
19515675.9	 3853321.4	     303.3
19515671.7	 3853266.6	     303.3
19515670.5	 3853250.6	     303.4
19515668.9	 3853229.7	     303.6
19515666.0	 3853191.8	     303.7
19515661.3	 3853131.0	     303.7
19515658.7	 3853097.1	     303.7
19515656.9	 3853073.1	     303.7
19515654.5	 3853041.2	     303.9
19515652.1	 3853010.3	     304.1
19515650.6	 3852990.4	     304.3
19515649.4	 3852974.4	     304.5
19515649.1	 3852970.4	     305.2
19515648.8	 3852966.4	     306.1
19515646.6	 3852938.5	     310.5
19515646.4	 3852935.5	     313.5
19515645.5	 3852923.6	     318.1
19515644.7	 3852913.6	     328.4
19515644.4	 3852908.6	     334.4
19515643.8	 3852901.6	     337.4
19515642.8	 3852888.7	     349.3
19518754.9	 3853080.9	     342.8
19518744.9	 3853069.7	     341.2
19518735.6	 3853059.2	     328.4
19518704.5	 3853024.1	     320.4
19518687.2	 3853004.6	     315.5
19518663.3	 3852977.7	     312.6
19518654.7	 3852967.9	     310.6
19518642.8	 3852954.5	     308.1
19518631.5	 3852941.8	     306.0
19518623.5	 3852932.8	     305.1
19518613.6	 3852921.6	     305.7
19518598.3	 3852904.3	     305.8
19518553.2	 3852853.5	     303.0
19518533.3	 3852831.0	     302.2
19518515.4	 3852810.8	     302.1
19518487.5	 3852779.4	     302.0
19518453.7	 3852741.2	     302.8
19518418.5	 3852701.6	     303.5
19518379.4	 3852657.4	     304.0
19518355.5	 3852630.5	     305.1
19518309.1	 3852578.1	     307.4
19518262.7	 3852525.7	     308.4
19518236.1	 3852495.8	     310.7
19518226.2	 3852484.5	     311.3
19518219.5	 3852477.1	     311.6
19518209.6	 3852465.8	     309.4
19518199.6	 3852454.6	     309.5
19518195.0	 3852449.4	     310.7
19518176.4	 3852428.4	     312.4
19518142.6	 3852390.3	     313.4
19518120.0	 3852364.8	     314.7
19518112.1	 3852355.8	     316.0
19518088.9	 3852329.6	     321.0
19518024.5	 3852257.1	     330.3
19519903.7	 3852659.5	     345.8
19519936.4	 3852567.1	     340.4
19519943.1	 3852548.2	     338.5
19519945.8	 3852540.7	     329.7
19519958.8	 3852503.9	     330.8
19519971.5	 3852468.1	     336.2
19519977.5	 3852451.2	     335.6
19519979.5	 3852445.5	     331.8
19519985.2	 3852429.5	     329.5
19519994.9	 3852402.1	     333.9
19520015.6	 3852343.7	     331.5
19520018.6	 3852335.2	     329.3
19520023.6	 3852321.1	     325.1
19520024.9	 3852317.3	     322.0
19520027.6	 3852309.8	     319.4
19520032.0	 3852297.5	     314.6
19520037.3	 3852282.4	     310.9
19520046.6	 3852256.0	     308.0
19520059.3	 3852220.2	     305.6
19520078.7	 3852165.5	     303.9
19520105.7	 3852089.2	     302.9
19520125.8	 3852032.6	     302.9
19520140.1	 3851992.1	     302.9
19520153.5	 3851954.4	     302.6
19520163.5	 3851926.1	     302.5
19520167.2	 3851915.8	     302.4
19520177.2	 3851887.5	     302.2
19520183.9	 3851868.6	     302.4
19520193.9	 3851840.3	     302.4
19520208.3	 3851799.8	     302.4
19520214.9	 3851781.0	     302.4
19520233.0	 3851730.1	     302.3
19520239.0	 3851713.1	     302.3
19520254.0	 3851670.7	     302.2
19520262.4	 3851647.1	     302.1
19520274.0	 3851614.1	     302.1
19520283.4	 3851587.7	     302.2
19520290.1	 3851568.9	     302.2
19520300.8	 3851538.7	     303.9
19520308.8	 3851516.1	     311.4
19520311.1	 3851509.5	     314.1
19520312.8	 3851504.8	     316.6
19520316.1	 3851495.4	     321.8
19520321.8	 3851479.3	     331.1
19520322.1	 3851478.4	     330.8
19520324.8	 3851470.8	     338.3
19523624.7	 3855664.9	     320.7
19523624.7	 3855614.9	     318.1
19523624.7	 3855580.9	     316.3
19523624.7	 3855477.9	     314.4
19523624.7	 3855440.9	     312.9
19523624.7	 3855360.9	     311.4
19523624.7	 3855340.9	     311.4
19523624.7	 3855310.9	     310.5
19523624.7	 3855280.9	     309.2
19523624.7	 3855250.9	     309.1
19523624.7	 3855135.9	     308.1
19523624.7	 3855123.9	     307.3
19523624.7	 3855089.9	     307.2
19523624.7	 3855037.9	     306.3
19523624.7	 3854961.9	     307.0
19523624.7	 3854904.9	     306.9
19523624.7	 3854848.9	     306.5
19523624.7	 3854791.9	     306.1
19523624.7	 3854735.9	     305.7
19523624.7	 3854679.9	     305.5
19523624.7	 3854623.9	     304.0
19523624.7	 3854566.9	     303.6
19523624.7	 3854397.9	     303.5
19523624.7	 3854341.9	     303.4
19523624.7	 3854284.9	     303.7
19523624.7	 3854162.9	     304.1
19523624.7	 3854113.9	     304.2
19523624.7	 3854055.9	     304.2
19523624.7	 3853997.9	     304.3
19523624.7	 3853938.9	     304.3
19523624.7	 3853879.9	     304.4
19523624.7	 3853820.9	     304.4
19523624.7	 3853760.9	     304.6
19523624.7	 3853699.9	     305.0
19523624.7	 3853641.9	     305.2
19523624.7	 3853607.9	     305.2
19523624.7	 3853577.9	     305.3
19523624.7	 3853545.9	     305.3
19523624.7	 3853514.9	     305.3
19523624.7	 3853451.9	     305.4
19523624.7	 3853387.9	     305.5
19523624.7	 3853354.9	     305.5
19523624.7	 3853329.9	     305.5
19523624.7	 3853299.9	     311.4
19523624.7	 3853283.9	     314.7
19523624.7	 3853180.9	     317.3
19523624.7	 3853149.9	     321.7
19523699.1	 3855570.3	     344.4
19523702.7	 3855559.9	     342.5
19523714.1	 3855527.8	     333.0
19523715.7	 3855523.1	     330.4
19523725.1	 3855496.7	     328.0
19523736.4	 3855464.7	     322.6
19523751.4	 3855422.2	     317.3
19523773.8	 3855359.1	     313.7
19523791.4	 3855309.1	     310.6
19523813.1	 3855247.8	     307.7
19523820.4	 3855227.1	     305.7
19523864.1	 3855103.6	     303.3
19524012.5	 3854684.1	     303.3
19524114.5	 3854395.6	     303.3
19524135.2	 3854337.1	     303.2
19524150.5	 3854293.8	     303.3
19524195.9	 3854165.5	     303.3
19524207.6	 3854132.5	     303.4
19524216.9	 3854106.1	     303.3
19524226.2	 3854079.7	     303.3
19524237.2	 3854048.6	     303.4
19524247.6	 3854019.4	     303.3
19524257.2	 3853992.1	     303.4
19524269.2	 3853958.1	     303.4
19524279.2	 3853929.8	     303.5
19524293.3	 3853890.2	     303.6
19524322.3	 3853808.2	     303.7
19524331.6	 3853781.8	     303.7
19524352.3	 3853723.4	     303.8
19524364.6	 3853688.5	     303.8
19524377.3	 3853652.7	     303.7
19524388.3	 3853621.6	     303.8
19524470.3	 3853389.6	     303.8
19524536.0	 3853203.9	     303.9
19524676.0	 3852807.9	     304.1
19524702.7	 3852732.5	     305.3
19524719.7	 3852684.4	     307.0
19524731.7	 3852650.5	     308.8
19524740.7	 3852625.0	     309.6
19524748.7	 3852602.4	     310.6
19524766.1	 3852553.4	     313.3
19524775.7	 3852526.1	     315.1
19524785.4	 3852498.7	     318.5
19524800.1	 3852457.2	     323.5
19524809.4	 3852430.8	     328.7
19524816.4	 3852411.0	     332.9
19524882.1	 3852225.3	     388.6
19524894.1	 3852191.4	     391.7
19524898.1	 3852180.1	     395.7
19524945.5	 3852046.2	     412.5
19525858.4	 3854631.3	     320.5
19525858.5	 3854609.3	     317.3
19525858.9	 3854522.3	     314.8
19525859.0	 3854493.3	     313.3
19525859.1	 3854469.3	     311.1
19525859.2	 3854440.3	     310.1
19525859.3	 3854416.3	     308.9
19525859.4	 3854395.3	     308.3
19525859.5	 3854381.3	     307.5
19525859.5	 3854362.3	     306.3
19525859.6	 3854352.3	     305.5
19525859.6	 3854340.3	     304.8
19525859.7	 3854324.3	     303.9
19525859.8	 3854301.3	     302.5
19525860.0	 3854260.3	     301.8
19525860.4	 3854170.3	     300.9
19525861.0	 3854026.3	     301.0
19525861.1	 3853997.3	     300.9
19525861.3	 3853948.3	     300.6
19525861.4	 3853921.3	     300.6
19525861.6	 3853876.3	     300.5
19525861.9	 3853816.3	     300.4
19525862.0	 3853785.3	     300.6
19525862.2	 3853728.3	     300.7
19525862.4	 3853696.3	     300.7
19525862.5	 3853663.3	     301.2
19525862.7	 3853629.3	     301.5
19525862.9	 3853581.3	     301.8
19525863.0	 3853537.3	     303.3
19525863.2	 3853494.3	     310.4
19525863.3	 3853484.3	     315.1
19525863.5	 3853422.3	     316.6
19525863.6	 3853401.3	     324.7
19529151.8	 3856255.2	     319.9
19529182.1	 3856208.1	     314.2
19529201.1	 3856178.7	     312.4
19529214.6	 3856157.7	     305.3
19529220.0	 3856149.3	     305.5
19529225.4	 3856140.8	     303.3
19529230.8	 3856132.4	     299.0
19529241.7	 3856115.6	     298.7
19529257.9	 3856090.4	     297.9
19529268.7	 3856073.6	     297.8
19529279.5	 3856056.8	     297.7
19529313.6	 3856003.8	     297.4
19529369.4	 3855917.2	     296.9
19529394.3	 3855878.5	     297.0
19529419.7	 3855839.0	     296.9
19529445.1	 3855799.4	     296.8
19529458.7	 3855778.4	     297.0
19529472.2	 3855757.4	     297.5
19529485.7	 3855736.4	     298.4
19529499.3	 3855715.3	     299.0
19529513.3	 3855693.5	     299.5
19529528.0	 3855670.8	     300.2
19529542.0	 3855648.9	     300.5
19529557.2	 3855625.4	     301.5
19529572.3	 3855601.8	     302.4
19529587.5	 3855578.3	     303.3
19529596.7	 3855564.0	     306.5
19529602.6	 3855554.7	     306.8
19529624.8	 3855520.3	     310.1
19529641.6	 3855494.2	     312.1
19529669.2	 3855451.3	     318.1
19529956.9	 3856918.4	     331.9
19529978.1	 3856829.9	     315.1
19529987.7	 3856790.0	     303.4
19529992.3	 3856770.6	     302.6
19530008.1	 3856704.4	     301.3
19530011.2	 3856691.8	     301.3
19530015.1	 3856675.3	     302.1
19530019.3	 3856657.8	     303.5
19530020.5	 3856652.9	     304.8
19530022.8	 3856643.2	     312.2
19530035.8	 3856588.7	     297.2
19530041.4	 3856565.4	     295.5
19530048.2	 3856537.2	     295.0
19530053.8	 3856513.8	     294.8
19530059.8	 3856488.5	     294.5
19530065.9	 3856463.3	     294.3
19530072.9	 3856434.1	     294.5
19530078.0	 3856412.7	     294.9
19530084.0	 3856387.4	     295.1
19530088.7	 3856367.9	     295.4
19530093.1	 3856349.5	     295.4
19530098.0	 3856329.0	     295.6
19530102.7	 3856309.6	     296.2
19530107.8	 3856288.2	     296.7
19530112.7	 3856267.8	     297.0
19530115.9	 3856254.2	     297.2
19530120.6	 3856234.7	     297.5
19530124.3	 3856219.2	     297.7
19530127.6	 3856205.5	     297.7
19530128.7	 3856200.7	     300.1
19530130.6	 3856192.9	     304.8
19530134.6	 3856176.4	     305.6
19530138.3	 3856160.8	     306.1
19530139.2	 3856156.9	     307.6
19530143.2	 3856140.4	     308.8
19530147.1	 3856123.8	     309.5
19530152.5	 3856101.5	     311.7
19530156.4	 3856084.9	     317.9
19530164.4	 3856051.9	     327.9
19530168.6	 3856034.4	     332.8
